name: deepms_env
channels:
  - conda-forge
  - defaults
dependencies:
  - bzip2=1.0.8=hcfcfb64_5
  - ca-certificates=2024.6.2=h56e8100_0
  - certifi=2024.6.2=pyhd8ed1ab_0
  - colorama=0.4.6=pyhd8ed1ab_0
  - curl=8.8.0=h0dd56e1_0
  - double-conversion=3.1.7=h0e60522_0
  - eigen=3.4.0=h91493d7_0
  - expat=2.6.2=h63175ca_0
  - ffmpeg=4.3.1=ha925a31_0
  - font-ttf-dejavu-sans-mono=2.37=hab24e00_0
  - font-ttf-inconsolata=3.000=h77eed37_0
  - font-ttf-source-code-pro=2.038=h77eed37_0
  - font-ttf-ubuntu=0.83=h77eed37_2
  - fontconfig=2.14.2=hbde0cde_0
  - fonts-conda-ecosystem=1=0
  - fonts-conda-forge=1=0
  - freeimage=3.18.0=h064cf08_10
  - freetype=2.12.1=hdaf720e_2
  - gl2ps=1.4.2=h0597ee9_0
  - glew=2.1.0=h39d44d4_2
  - hdf4=4.2.15=h1b1b6ef_5
  - hdf5=1.10.6=nompi_he0bbb20_101
  - imath=3.1.6=h12be248_1
  - jpeg=9e=hcfcfb64_3
  - jsoncpp=1.9.4=h2d74725_3
  - jxrlib=1.1=hcfcfb64_3
  - krb5=1.21.2=heb0366b_0
  - lcms2=2.14=h90d422f_0
  - lerc=4.0.0=h63175ca_0
  - libcurl=8.8.0=hd5e4a3a_0
  - libdeflate=1.14=hcfcfb64_0
  - libexpat=2.6.2=h63175ca_0
  - libiconv=1.17=hcfcfb64_2
  - libnetcdf=4.8.0=nompi_hf689e7d_103
  - libogg=1.3.4=h8ffe710_1
  - libpng=1.6.43=h19919ed_0
  - libraw=0.20.2=h3eb7d9d_2
  - libssh2=1.11.0=h7dfc565_0
  - libtheora=1.1.1=h8d14728_1005
  - libtiff=4.4.0=hc4f729c_5
  - libwebp-base=1.4.0=hcfcfb64_0
  - libxml2=2.12.7=h283a6d9_1
  - libzip=1.10.1=h1d365fa_3
  - libzlib=1.2.13=h2466b09_6
  - loguru=0.6.0=py37h03978a9_1
  - lz4-c=1.9.3=h8ffe710_1
  - occt=7.5.1=h60997fb_2
  - openexr=3.1.5=h97333cc_2
  - openjpeg=2.5.0=hc9384bd_1
  - openssl=3.3.1=h2466b09_0
  - pip=22.3.1=py37haa95532_0
  - proj=7.2.0=h1cfcee9_2
  - pugixml=1.11.4=h63175ca_1
  - python=3.7.12=h900ac77_100_cpython
  - python_abi=3.7=4_cp37m
  - pythonocc-core=7.5.1=py37h8c6f293_1
  - rapidjson=1.1.0.post20240409=he0c23c2_1
  - setuptools=65.6.3=py37haa95532_0
  - six=1.16.0=pyh6c4a22f_0
  - sqlite=3.45.3=h2bbff1b_0
  - tbb=2020.2=h2d74725_4
  - tbb-devel=2020.2=h2d74725_4
  - ucrt=10.0.22621.0=h57928b3_0
  - utfcpp=4.0.5=h57928b3_0
  - vc=14.2=h2eaa2aa_1
  - vc14_runtime=14.40.33810=ha82c5b3_20
  - vs2015_runtime=14.40.33810=h3bf8584_20
  - vtk=9.0.1=no_osmesa_py37h96b1751_107
  - wheel=0.38.4=py37haa95532_0
  - win32_setctime=1.1.0=pyhd8ed1ab_0
  - wincertstore=0.2=py37haa95532_2
  - xz=5.2.6=h8d14728_0
  - zlib=1.2.13=h2466b09_6
  - zstd=1.5.6=h0ea2cb4_0
  - pip:
      - cycler==0.11.0
      - cython==0.29.13
      - h5py==2.10.0
      - joblib==1.2.0
      - kiwisolver==1.4.5
      - matplotlib==3.1.3
      - numpy==1.18.1
      - pillow==8.3.2
      - plyfile==0.7.2
      - protobuf==3.20.0
      - pyparsing==3.1.2
      - python-dateutil==2.9.0.post0
      - scikit-learn==0.24.2
      - scipy==1.4.1
      - tensorboardx==2.0
      - threadpoolctl==3.1.0
      - torch==1.7.1
      - tqdm==4.42.1
      - trimesh==3.2.19
      - typing-extensions==4.7.1
prefix: C:\Users\jgomez310\AppData\Local\miniconda3\envs\deepms_env
